%YAML:1.0
---
trainningDataMat: !!opencv-matrix
   rows: 350
   cols: 2
   dt: f
   data: [ 1179., 1.09756100e+00, 1160., 1.10576928e+00, 1156.,
       1.12068963e+00, 1196., 1.11818206e+00, 1192., 1.09664690e+00,
       1166., 1.11199975e+00, 1175., 1.09933770e+00, 1191.,
       1.09756100e+00, 1160., 1.09497201e+00, 941., 2.28795815e+00,
       1130., 1.12195122e+00, 997., 2.16292143e+00, 1135.,
       1.09572899e+00, 1002., 2.08536601e+00, 1100., 1.10194170e+00,
       963., 2.17045426e+00, 1144., 1.09838092e+00, 1052.,
       1.91666663e+00, 1163., 1.10174870e+00, 942., 2.21093750e+00,
       1144., 1.08744717e+00, 968., 2.15942049e+00, 1114.,
       1.10344815e+00, 1012., 2.07228923e+00, 1144., 1.07142854e+00,
       934., 2.21649504e+00, 1182., 1.08875751e+00, 927., 2.21693134e+00,
       1131., 1.09756100e+00, 937., 2.20418835e+00, 1164.,
       1.10471976e+00, 1031., 1.99553561e+00, 1118., 1.09756100e+00,
       970., 2.19639301e+00, 1175., 1.11659193e+00, 1028., 2., 1146.,
       1.09110618e+00, 1009., 2.06250024e+00, 1190., 1.11320758e+00,
       962., 2.18750024e+00, 1153., 1.10047841e+00, 939., 2.20853043e+00,
       1166., 1.10344815e+00, 1143., 1.09774446e+00, 1114.,
       1.09756100e+00, 1127., 1.09756100e+00, 1138., 1.09422112e+00,
       1109., 1.09756100e+00, 1101., 1.11312222e+00, 1125.,
       1.10344815e+00, 1167., 1.07677150e+00, 1132., 1.09433973e+00,
       1156., 1.08474576e+00, 1198., 1.11182117e+00, 1157.,
       1.10204089e+00, 1139., 1.12068963e+00, 1154., 1.09121621e+00,
       1168., 1.09756100e+00, 1145., 1.10344815e+00, 1111.,
       1.09417033e+00, 1119., 1.09756100e+00, 1143., 1.10652912e+00,
       1163., 1.12612617e+00, 1133., 1.09756100e+00, 1130.,
       1.09868419e+00, 1158., 1.09711289e+00, 1168., 1.09242153e+00,
       1142., 1.10999978e+00, 1147., 1.02325583e+00, 1169.,
       1.07142854e+00, 1155., 1.07142854e+00, 1141., 1.09756100e+00,
       1146., 1.09842515e+00, 1166., 1.10344815e+00, 1185.,
       1.09350646e+00, 1137., 1.10344815e+00, 1139., 1.10628033e+00,
       1168., 1.09756100e+00, 1166., 1.10952365e+00, 1136.,
       1.07142854e+00, 1121., 1.09756100e+00, 1158., 1.07142854e+00,
       1139., 1.10593212e+00, 1086., 1.12500000e+00, 1096.,
       1.10194170e+00, 1104., 1.10344815e+00, 1141., 1.09610379e+00,
       1119., 1.12280703e+00, 1167., 1.10677087e+00, 1203.,
       1.12195122e+00, 1181., 1.11160719e+00, 1147., 1.12195122e+00,
       1143., 1.09418833e+00, 1169., 1.08474576e+00, 1103.,
       1.10502279e+00, 1102., 1.09756100e+00, 1124., 1.09756100e+00,
       1167., 1.09756100e+00, 1135., 1.10756981e+00, 1139.,
       1.12068975e+00, 1160., 1.10616457e+00, 1178., 1.09756100e+00,
       1148., 1.10628021e+00, 1143., 1.10344815e+00, 1145.,
       1.09876549e+00, 1151., 1.12195122e+00, 1143., 1.12195122e+00,
       1156., 1.09067369e+00, 1148., 1.09523809e+00, 1121.,
       1.12195122e+00, 1138., 1.10580194e+00, 1160., 1.10526311e+00,
       1167., 1.08764052e+00, 1138., 1.09400010e+00, 1147.,
       1.12195122e+00, 1172., 1.09797287e+00, 1146., 1.11165047e+00,
       1136., 1.09756100e+00, 1128., 1.11650479e+00, 1154.,
       1.11097097e+00, 1178., 1.09523809e+00, 1139., 1.08474576e+00,
       1143., 1.10344815e+00, 1175., 1.07142854e+00, 1189.,
       1.11507940e+00, 1161., 1.07142854e+00, 1125., 1.09756100e+00,
       972., 2.12794614e+00, 1065., 1.95833337e+00, 945., 2.24226809e+00,
       1014., 1.99152541e+00, 989., 2.09090900e+00, 1000.,
       2.02074671e+00, 979., 2.18750024e+00, 924., 2.22903228e+00, 932.,
       2.24867725e+00, 925., 2.29999995e+00, 950., 2.10447764e+00, 963.,
       2.20731711e+00, 1041., 1.96598625e+00, 1023., 2.06547618e+00,
       977., 2.13750005e+00, 944., 2.25757599e+00, 940., 2.21739125e+00,
       1591., 1., 1599., 1., 1595., 1., 1561., 1.02173913e+00, 1582., 1.,
       1581., 1., 1566., 1.02173913e+00, 1564., 1.02173913e+00, 1553.,
       1.02173913e+00, 1560., 1., 662., 2.47368431e+00, 1561., 1., 1566.,
       1.00000012e+00, 1563., 1., 1552., 1., 1565., 1.00000012e+00,
       1570., 1.02173913e+00, 1554., 1.02173913e+00, 1586., 1., 1595.,
       1., 1599., 1., 1597., 1., 1578., 1.01515150e+00, 1592., 1., 1594.,
       1.00952375e+00, 1594., 1., 1603., 1., 1593., 1., 1591., 1., 1562.,
       1., 1568., 1., 1568., 1., 1554., 1., 1555., 1.02173913e+00, 1572.,
       1., 1571., 1., 1556., 1.02173913e+00, 1568., 1., 1564.,
       1.02173913e+00, 1571., 1.02173913e+00, 1570., 1.02173913e+00,
       1574., 1., 1576., 1.02173913e+00, 1584., 1., 1576., 1., 1580., 1.,
       1582., 1., 1567., 1., 1561., 1.02173913e+00, 1594., 1., 1579., 1.,
       1580., 1., 1565., 1.02173913e+00, 1569., 1., 1562.,
       1.02173913e+00, 1607., 1., 1600., 1., 1587., 1., 1557.,
       1.02173913e+00, 1564., 1.02173913e+00, 1567., 1.02173913e+00,
       1564., 1.02173913e+00, 1579., 1.02173913e+00, 1582., 1., 1567.,
       1.02173913e+00, 1569., 1., 1574., 1., 1573., 1.02173913e+00,
       1552., 1.02173913e+00, 1568., 1.02173913e+00, 1593., 1., 1576.,
       1., 1576., 1., 1598., 1., 1610., 1., 1601., 1., 1585., 1., 1555.,
       1.02173913e+00, 1569., 1., 1565., 1., 1038., 2.11383915e+00,
       2313., 1.78260875e+00, 1466., 1.10810804e+00, 2030.,
       1.50681198e+00, 2051., 1.51515174e+00, 2090., 1.53030324e+00,
       1449., 1.10344815e+00, 1961., 1.52380943e+00, 2092.,
       1.53191495e+00, 2042., 1.51764691e+00, 1991., 1.53398049e+00,
       1468., 1.12068963e+00, 1458., 1.11755943e+00, 1456.,
       1.09756100e+00, 1466., 1.11931813e+00, 2064., 1.54618478e+00,
       2052., 1.53932607e+00, 2298., 1.74268997e+00, 2271.,
       1.76190472e+00, 2285., 1.77702701e+00, 2055., 1.55384624e+00,
       2030., 1.51479304e+00, 1984., 1.50887561e+00, 1951.,
       1.50000000e+00, 2081., 1.52849746e+00, 2045., 1.52173913e+00,
       1993., 1.50961542e+00, 1968., 1.49773741e+00, 1978.,
       1.50349653e+00, 1987., 1.52908599e+00, 1997., 1.51234567e+00,
       1465., 1.09756100e+00, 1462., 1.11142862e+00, 1467.,
       1.12068963e+00, 1473., 1.10671937e+00, 2032., 1.49136591e+00,
       2047., 1.50746286e+00, 2040., 1.54807699e+00, 2054.,
       1.53378356e+00, 2359., 1.75427330e+00, 2292., 1.76626027e+00,
       2287., 1.75996542e+00, 1980., 1.52173913e+00, 2022.,
       1.51121795e+00, 2026., 1.51364172e+00, 2067., 1.53846169e+00,
       1464., 1.11764705e+00, 1461., 1.12500000e+00, 1474.,
       1.10017264e+00, 2316., 1.75847435e+00, 2266., 1.78846157e+00,
       2281., 1.78911543e+00, 2271., 1.74834430e+00, 2284.,
       1.76470590e+00, 2263., 1.78846157e+00, 2283., 1.77027023e+00,
       2067., 1.56521738e+00, 2044., 1.52380943e+00, 1985.,
       1.50961542e+00, 1967., 1.50595236e+00, 2080., 1.54269981e+00,
       2053., 1.53571451e+00, 2047., 1.51428556e+00, 2080.,
       1.54545486e+00, 2009., 1.51428556e+00, 1980., 1.50000000e+00,
       2021., 1.51515174e+00, 2029., 1.53030324e+00, 2015.,
       1.52380955e+00, 2054., 1.53968239e+00, 2087., 1.56923079e+00,
       2050., 1.53418803e+00, 1982., 1.52469146e+00, 1992.,
       1.52173913e+00, 2019., 1.49539185e+00, 2025., 1.52027011e+00,
       2073., 1.54807699e+00, 2046., 1.52521002e+00, 1995.,
       1.52394366e+00, 1971., 1.50000000e+00, 1510., 1.07708764e+00,
       1496., 1.11320758e+00, 1485., 1.11590922e+00, 1488.,
       1.10643566e+00, 2224., 1.75182486e+00, 2237., 1.76023901e+00,
       2246., 1.77581108e+00, 2309., 1.78617716e+00, 2326.,
       1.79047608e+00, 2351., 1.78421044e+00, 2029., 1.53505540e+00,
       2030., 1.52380967e+00, 2013., 1.54421747e+00, 2027.,
       1.51063836e+00, 2070., 1.54545486e+00, 2012., 1.50000012e+00,
       1974., 1.50000000e+00, 2100., 1.53030324e+00, 2063.,
       1.53030324e+00, 2019., 1.56079400e+00, 2015., 1.53846169e+00,
       2094., 1.56923079e+00, 2055., 1.54319382e+00, 1993.,
       1.51809943e+00, 1970., 1.50183153e+00, 2119., 1.53191495e+00,
       2087., 1.52577329e+00, 2039., 1.51037860e+00, 2073.,
       1.52280676e+00, 2034., 1.51658785e+00, 1983., 1.51036286e+00,
